CountDerColision 0 CountCuckColision 0
Insert
4 4 3 4 6 3 3 4 2 3 3 4 4 5 2 
7 6 6 4 5 6 5 9 5 5 5 9 6 6 4 
2 5 2 3 2 4 2 5 2 4 4 5 3 5 2 
4 4 4 4 4 4 5 5 6 4 5 5 3 7 3 
4 4 3 5 3 10 5 4 4 4 4 5 4 17 2 

Search
2 2 2 4 2 3 3 3 2 2 2 3 2 2 2 
4 6 5 9 4 4 4 4 4 5 4 6 4 2 3 
2 3 3 2 3 3 2 3 2 3 3 4 3 2 1 
2 7 2 2 2 2 3 2 3 3 3 4 2 2 2 
1 1 1 1 1 1 1 0 1 1 1 1 1 0 0 

InvDelete
7 16 17 17 32 25 82 52 21 22 21 31 16 21 20 
3 5 3 4 3 5 5 5 20 4 3 4 4 5 8 
4 4 3 2 3 3 3 2 5 2 3 2 3 3 4 
5 8 3 3 3 5 5 4 6 5 5 3 4 2 4 
4 4 3 3 3 4 3 3 5 3 4 1 2 2 4 
