CountDerColision 0 CountCuckColision 29
Insert
24 48 20 15 15 16 15 15 16 15 17 19 15 18 19 16 17 16 16 15 17 25 15 16 15 15 15 16 16 17 17 17 16 17 22 19 27 17 19 21 16 17 17 17 17 17 17 18 18 18 
31 42 31 29 26 26 27 27 26 28 26 27 29 28 30 28 28 32 27 26 27 30 34 33 28 26 27 30 26 27 27 28 28 27 26 27 27 27 28 28 33 28 27 27 27 32 28 28 27 27 
18 12 13 12 10 10 10 10 11 14 11 10 11 11 11 15 11 11 11 11 11 12 19 15 13 13 13 14 15 13 14 15 14 14 15 15 15 16 15 16 23 17 18 19 19 23 23 23 24 29 
25 33 24 26 26 30 24 25 24 25 25 25 25 25 26 33 41 26 26 27 26 26 27 31 30 30 27 28 30 28 26 31 27 27 27 27 27 27 27 28 30 31 29 30 29 31 29 31 33 37 
27 38 29 17 47 19 18 17 76 17 17 17 16 17 17 18 139 16 17 16 17 17 18 18 17 20 24 17 17 24 26 20 218 16 16 17 17 17 17 17 17 17 23 24 20 21 21 24 18 17 

Search
9 13 8 9 9 11 9 9 12 10 9 8 9 9 9 8 9 10 9 9 9 9 9 8 9 9 16 9 10 9 15 12 10 14 9 11 10 9 9 9 9 9 10 11 11 10 10 10 10 12 
23 29 18 16 17 18 22 18 19 22 17 17 17 17 16 17 18 20 20 16 17 17 18 17 17 19 21 18 17 17 18 17 21 24 17 18 17 18 17 17 17 17 17 18 17 17 17 18 17 18 
14 16 9 9 9 14 9 13 11 9 12 10 10 11 11 11 12 11 14 11 11 12 12 12 12 13 12 12 12 13 13 13 14 21 17 17 15 14 15 16 16 16 17 17 19 19 22 22 23 27 
18 17 12 14 14 18 14 20 14 15 19 15 17 15 15 14 17 17 16 17 17 16 15 16 16 15 16 16 16 16 16 16 16 16 18 20 26 19 17 16 17 17 17 17 17 16 17 17 17 18 
9 10 4 4 4 4 6 5 4 4 5 4 4 4 4 5 6 5 4 4 4 4 4 4 4 4 4 4 4 4 4 4 5 4 5 6 5 4 5 4 4 4 4 4 4 5 4 4 4 7 

InvDelete
16 14 13 14 14 13 13 15 13 16 15 12 21 15 16 12 13 13 13 14 12 19 12 12 14 13 11 13 12 15 12 12 13 12 16 12 12 13 13 12 11 13 14 13 12 12 12 12 12 11 
26 25 27 31 25 26 33 27 25 35 25 27 37 28 28 26 27 24 25 24 26 29 25 26 29 27 26 26 25 27 25 25 30 31 25 26 24 27 25 27 26 25 42 24 24 26 25 28 25 26 
36 26 26 26 21 21 22 20 20 23 18 17 28 22 16 17 19 18 16 16 16 17 16 15 15 14 15 19 14 16 14 14 14 13 13 13 14 16 13 13 12 13 19 13 12 21 12 12 12 12 
40 41 40 40 44 39 44 44 39 39 53 53 40 39 41 39 38 39 38 52 39 47 42 38 38 43 37 37 37 41 45 37 36 38 36 41 35 47 35 36 41 43 34 49 34 39 33 32 30 27 
22 28 24 22 22 23 27 22 23 25 23 28 23 27 27 22 23 25 24 23 23 23 23 23 23 25 23 22 23 24 28 23 23 24 22 22 23 25 27 22 22 22 24 25 23 22 22 23 27 26 
